00
00
00
00
00
00
00
00
00
00
00
00
00
00
00
00
00
00
00
00
00
00
00
00
00
00
00
00
00
00
00
00
00
00
00
00
00
00
00
00
00
00
00
00
00
00
00
00
00
00
00
00
00
00
00
00
00
00
00
00
00
00
00
00
00
00
00
00
00
00
00
00
00
00
00
00
00
00
00
00
00
00
00
00
00
00
00
00
00
00
00
00
00
00
00
00
00
00
00
00
00
00
00
00
00
00
00
00
00
00
00
00
00
00
00
00
00
00
00
00
00
00
00
00
00
00
00
00
00
00
00
00
00
00
00
00
00
00
00
00
00
00
00
00
00
00
00
00
00
00
00
00
03
12
12
12
7E
88
AF
1A
A6
FF
F7
7F
00
00
00
00
00
00
00
00
00
00
00
00
1E
24
5E
9A
AA
FD
FD
FD
FD
FD
E1
AC
FD
F2
C3
40
00
00
00
00
00
00
00
00
00
00
00
31
EE
FD
FD
FD
FD
FD
FD
FD
FD
FB
5D
52
52
38
27
00
00
00
00
00
00
00
00
00
00
00
00
12
DB
FD
FD
FD
FD
FD
C6
B6
F7
F1
00
00
00
00
00
00
00
00
00
00
00
00
00
00
00
00
00
00
50
9C
6B
FD
FD
CD
0B
00
2B
9A
00
00
00
00
00
00
00
00
00
00
00
00
00
00
00
00
00
00
00
0E
01
9A
FD
5A
00
00
00
00
00
00
00
00
00
00
00
00
00
00
00
00
00
00
00
00
00
00
00
00
00
8B
FD
BE
02
00
00
00
00
00
00
00
00
00
00
00
00
00
00
00
00
00
00
00
00
00
00
00
00
0B
BE
FD
46
00
00
00
00
00
00
00
00
00
00
00
00
00
00
00
00
00
00
00
00
00
00
00
00
00
23
F1
E1
A0
6C
01
00
00
00
00
00
00
00
00
00
00
00
00
00
00
00
00
00
00
00
00
00
00
00
51
F0
FD
FD
77
19
00
00
00
00
00
00
00
00
00
00
00
00
00
00
00
00
00
00
00
00
00
00
00
2D
BA
FD
FD
96
1B
00
00
00
00
00
00
00
00
00
00
00
00
00
00
00
00
00
00
00
00
00
00
00
10
5D
FC
FD
BB
00
00
00
00
00
00
00
00
00
00
00
00
00
00
00
00
00
00
00
00
00
00
00
00
00
F9
FD
F9
40
00
00
00
00
00
00
00
00
00
00
00
00
00
00
00
00
00
00
00
00
00
2E
82
B7
FD
FD
CF
02
00
00
00
00
00
00
00
00
00
00
00
00
00
00
00
00
00
00
00
27
94
E5
FD
FD
FD
FA
B6
00
00
00
00
00
00
00
00
00
00
00
00
00
00
00
00
00
00
18
72
DD
FD
FD
FD
FD
C9
4E
00
00
00
00
00
00
00
00
00
00
00
00
00
00
00
00
00
17
42
D5
FD
FD
FD
FD
C6
51
02
00
00
00
00
00
00
00
00
00
00
00
00
00
00
00
00
12
AB
DB
FD
FD
FD
FD
C3
50
09
00
00
00
00
00
00
00
00
00
00
00
00
00
00
00
00
37
AC
E2
FD
FD
FD
FD
F4
85
0B
00
00
00
00
00
00
00
00
00
00
00
00
00
00
00
00
00
00
88
FD
FD
FD
D4
87
84
10
00
00
00
00
00
00
00
00
00
00
00
00
00
00
00
00
00
00
00
00
00
00
00
00
00
00
00
00
00
00
00
00
00
00
00
00
00
00
00
00
00
00
00
00
00
00
00
00
00
00
00
00
00
00
00
00
00
00
00
00
00
00
00
00
00
00
00
00
00
00
00
00
00
00
00
00
00
00
00
00
00
00
00
00
00
00
00
00
00
00
00
00
00
00
00
00
00
00
00
00
